
0. 本地生活 350 [0, 349]
	0. 游戏充值 350 [0, 349]
			0. QQ充值 41 [0, 40]		1. 游戏点卡 309 [41, 349]		
			

1. 宠物生活 2268 [350, 2617]
	0. 宠物零食 64 [350, 413]
			0. 猫零食 19 [350, 368]		1. 磨牙/洁齿 45 [369, 413]		
			
	1. 宠物玩具 198 [414, 611]
			0. 猫爬架/猫抓板 48 [414, 461]		1. 毛绒.绳结 37 [462, 498]		
			2. 橡胶玩具 50 [499, 548]		3. 训导玩具 63 [549, 611]		
			
	2. 宠物主粮 742 [612, 1353]
			0. 狗粮 494 [612, 1105]		1. 猫狗罐头 79 [1106, 1184]		
			2. 猫狗妙鲜包 62 [1185, 1246]		3. 猫粮 107 [1247, 1353]		
			
	3. 出行装备 286 [1354, 1639]
			0. 便携包/笼 48 [1354, 1401]		1. 宠物牵引 210 [1402, 1611]		
			2. 外出用品 28 [1612, 1639]		
	4. 家居日用 438 [1640, 2077]
			0. 笼子/围栏 72 [1640, 1711]		1. 猫狗窝 193 [1712, 1904]		
			2. 清洁除味 18 [1905, 1922]		3. 食具水具 155 [1923, 2077]		
			
	5. 洗护美容 232 [2078, 2309]
			0. 美容用具 107 [2078, 2184]		1. 浴液 125 [2185, 2309]		
			
	6. 医疗保健 308 [2310, 2617]
			0. 肠胃调理 36 [2310, 2345]		1. 宠物驱虫 74 [2346, 2419]		
			2. 发育补钙 87 [2420, 2506]		3. 护肤美毛 50 [2507, 2556]		
			4. 口/耳/眼清洁 27 [2557, 2583]		5. 皮肤病防治 34 [2584, 2617]		
			

2. 厨具锅具 22679 [2618, 25296]
	0. 餐具 2198 [2618, 4815]
			0. 餐具套装 501 [2618, 3118]		1. 果盘/果篮 183 [3119, 3301]		
			2. 筷勺/刀叉 468 [3302, 3769]		3. 碗/碟/盘 979 [3770, 4748]		
			4. 一次性用品 67 [4749, 4815]		
	1. 茶具/咖啡具 7800 [4816, 12615]
			0. 茶杯 1345 [4816, 6160]		1. 茶宠摆件 358 [6161, 6518]		
			2. 茶壶 1536 [6519, 8054]		3. 茶具配件 1030 [8055, 9084]		
			4. 茶盘茶托 547 [9085, 9631]		5. 茶叶罐 443 [9632, 10074]		
			6. 咖啡具 353 [10075, 10427]		7. 其他器具 26 [10428, 10453]		
			8. 整套茶具 2162 [10454, 12615]		
	2. 厨房配件 5523 [12616, 18138]
			0. 保鲜盒 457 [12616, 13072]		1. 厨房DIY/小工具 1726 [13073, 14798]		
			2. 储物/置物架 2356 [14799, 17154]		3. 饭盒/提锅 234 [17155, 17388]		
			4. 烘焙/烧烤 750 [17389, 18138]		
	3. 刀剪菜板 357 [18139, 18495]
			0. 菜刀 128 [18139, 18266]		1. 刀具套装 60 [18267, 18326]		
			2. 瓜果刀/刨 36 [18327, 18362]		3. 剪刀 16 [18363, 18378]		
			4. 砧板 117 [18379, 18495]		
	4. 烹饪锅具 1009 [18496, 19504]
			0. 炒锅 222 [18496, 18717]		1. 锅具套装 26 [18718, 18743]		
			2. 火锅 36 [18744, 18779]		3. 煎锅 76 [18780, 18855]		
			4. 奶锅 31 [18856, 18886]		5. 汤锅 137 [18887, 19023]		
			6. 压力锅 48 [19024, 19071]		7. 蒸锅 130 [19072, 19201]		
			8. 煲类 303 [19202, 19504]		
	5. 水具酒具 5792 [19505, 25296]
			0. 保温杯 2005 [19505, 21509]		1. 保温壶 212 [21510, 21721]		
			2. 杯具套装 15 [21722, 21736]		3. 玻璃杯 973 [21737, 22709]		
			4. 酒杯/酒具 1811 [22710, 24520]		5. 水壶 18 [24521, 24538]		
			6. 塑料杯 229 [24539, 24767]		7. 陶瓷/马克杯 486 [24768, 25253]		
			8. 运动水壶 43 [25254, 25296]		

3. 电脑/办公 14096 [25297, 39392]
	0. 办公设备 2695 [25297, 27991]
			0. 安防监控 1258 [25297, 26554]		1. 白板 54 [26555, 26608]		
			2. 保险柜 182 [26609, 26790]		3. 打印机 210 [26791, 27000]		
			4. 考勤机 32 [27001, 27032]		5. 扫描设备 249 [27033, 27281]		
			6. 碎纸机 18 [27282, 27299]		7. 投影机 393 [27300, 27692]		
			8. 投影配件 118 [27693, 27810]		9. 验钞/点钞机 15 [27811, 27825]		
			10. 装订/封装机 166 [27826, 27991]		
	1. 电脑配件 4025 [27992, 32016]
			0. 笔记本配件 3198 [27992, 31189]		1. 内存 22 [31190, 31211]		
			2. 平板电脑配件 545 [31212, 31756]		3. 散热器 16 [31757, 31772]		
			4. 显示器 16 [31773, 31788]		5. 硬盘 126 [31789, 31914]		
			6. 装机配件 12 [31915, 31926]		7. 组装电脑 90 [31927, 32016]		
			
	2. 电脑整机 147 [32017, 32163]
			0. 笔记本 147 [32017, 32163]		
	3. 外设产品 2631 [32164, 34794]
			0. U盘 301 [32164, 32464]		1. 插座 142 [32465, 32606]		
			2. 键盘 509 [32607, 33115]		3. 摄像头 23 [33116, 33138]		
			4. 鼠标 247 [33139, 33385]		5. 鼠标垫 20 [33386, 33405]		
			6. 线缆 1359 [33406, 34764]		7. 移动硬盘 30 [34765, 34794]		
			
	4. 网络设备 606 [34795, 35400]
			0. 4G/3G上网 36 [34795, 34830]		1. 交换机 176 [34831, 35006]		
			2. 路由器 314 [35007, 35320]		3. 网卡 36 [35321, 35356]		
			4. 网络盒子 44 [35357, 35400]		
	5. 文具/耗材 3992 [35401, 39392]
			0. 办公文具 603 [35401, 36003]		1. 本册/便签 236 [36004, 36239]		
			2. 笔类 1116 [36240, 37355]		3. 财会用品 304 [37356, 37659]		
			4. 画具画材 39 [37660, 37698]		5. 计算器 15 [37699, 37713]		
			6. 墨盒 139 [37714, 37852]		7. 色带 136 [37853, 37988]		
			8. 文件管理 427 [37989, 38415]		9. 硒鼓/墨粉 696 [38416, 39111]		
			10. 学生文具 148 [39112, 39259]		11. 纸类 133 [39260, 39392]		
			

4. 服饰鞋帽 80869 [39393, 120261]
	0. 服饰配件 2618 [39393, 42010]
			0. 棒球帽 323 [39393, 39715]		1. 耳罩/耳包 15 [39716, 39730]		
			2. 防晒手套 98 [39731, 39828]		3. 光学镜架/镜片 181 [39829, 40009]		
			4. 口罩 228 [40010, 40237]		5. 领带/领结/领带夹 23 [40238, 40260]		
			6. 毛线帽 128 [40261, 40388]		7. 男士腰带/礼盒 452 [40389, 40840]		
			8. 女士丝巾/围巾/披肩 258 [40841, 41098]		9. 太阳镜 582 [41099, 41680]		
			10. 袖扣 16 [41681, 41696]		11. 遮阳帽 289 [41697, 41985]		
			12. 遮阳伞/雨伞 12 [41986, 41997]		13. 真皮手套 13 [41998, 42010]		
			
	1. 男鞋 30367 [42011, 72377]
			0. 传统布鞋 38 [42011, 42048]		1. 帆布鞋 92 [42049, 42140]		
			2. 功能鞋 171 [42141, 42311]		3. 凉鞋/沙滩鞋 424 [42312, 42735]		
			4. 男靴 827 [42736, 43562]		5. 商务休闲鞋 984 [43563, 44546]		
			6. 拖鞋/人字拖 366 [44547, 44912]		7. 鞋配件 129 [44913, 45041]		
			8. 休闲鞋 26835 [45042, 71876]		9. 雨鞋/雨靴 165 [71877, 72041]		
			10. 增高鞋 204 [72042, 72245]		11. 正装鞋 132 [72246, 72377]		
			
	2. 男装 7031 [72378, 79408]
			0. POLO衫 158 [72378, 72535]		1. T恤 2289 [72536, 74824]		
			2. 衬衫 582 [74825, 75406]		3. 风衣 59 [75407, 75465]		
			4. 工装 188 [75466, 75653]		5. 夹克 1265 [75654, 76918]		
			6. 马甲/背心 108 [76919, 77026]		7. 毛呢大衣 22 [77027, 77048]		
			8. 棉服 279 [77049, 77327]		9. 牛仔裤 352 [77328, 77679]		
			10. 卫衣 357 [77680, 78036]		11. 西服 75 [78037, 78111]		
			12. 西服套装 20 [78112, 78131]		13. 休闲裤 950 [78132, 79081]		
			14. 羊毛衫 14 [79082, 79095]		15. 羽绒服 239 [79096, 79334]		
			16. 真皮皮衣 25 [79335, 79359]		17. 针织衫 49 [79360, 79408]		
			
	3. 内衣 3453 [79409, 82861]
			0. 保暖内衣 75 [79409, 79483]		1. 连裤袜/丝袜 161 [79484, 79644]		
			2. 美腿袜 33 [79645, 79677]		3. 男式内裤 112 [79678, 79789]		
			4. 内衣配件 22 [79790, 79811]		5. 女式内裤 395 [79812, 80206]		
			6. 情趣内衣 221 [80207, 80427]		7. 睡衣/家居服 1365 [80428, 81792]		
			8. 塑身美体 87 [81793, 81879]		9. 文胸 525 [81880, 82404]		
			10. 休闲棉袜 457 [82405, 82861]		
	4. 女鞋 34773 [82862, 117634]
			0. 布鞋/绣花鞋 59 [82862, 82920]		1. 单鞋 7354 [82921, 90274]		
			2. 帆布鞋 79 [90275, 90353]		3. 高跟鞋 2513 [90354, 92866]		
			4. 凉鞋 10138 [92867, 103004]		5. 妈妈鞋 19 [103005, 103023]		
			6. 女靴 4568 [103024, 107591]		7. 拖鞋/人字拖 2820 [107592, 110411]		
			8. 鞋配件 42 [110412, 110453]		9. 休闲鞋 7167 [110454, 117620]		
			10. 雨鞋/雨靴 14 [117621, 117634]		
	5. 女装 2627 [117635, 120261]
			0. T恤 124 [117635, 117758]		1. 半身裙 136 [117759, 117894]		
			2. 衬衫 97 [117895, 117991]		3. 打底裤 108 [117992, 118099]		
			4. 大码女装 339 [118100, 118438]		5. 吊带/背心 17 [118439, 118455]		
			6. 短外套 31 [118456, 118486]		7. 婚纱 18 [118487, 118504]		
			8. 连衣裙 729 [118505, 119233]		9. 毛呢大衣 50 [119234, 119283]		
			10. 牛仔裤 120 [119284, 119403]		11. 旗袍/唐装 62 [119404, 119465]		
			12. 卫衣 18 [119466, 119483]		13. 休闲裤 115 [119484, 119598]		
			14. 雪纺衫 71 [119599, 119669]		15. 针织衫 510 [119670, 120179]		
			16. 中老年女装 82 [120180, 120261]		

5. 家居家装 31014 [120262, 151275]
	0. 家纺 23068 [120262, 143329]
			0. 被子 2914 [120262, 123175]		1. 床品套件 17244 [123176, 140419]		
			2. 凉席 1439 [140420, 141858]		3. 毯子 1471 [141859, 143329]		
			
	1. 家装软饰 7946 [143330, 151275]
			0. 花瓶花艺 1461 [143330, 144790]		1. 墙贴/装饰贴 3228 [144791, 148018]		
			2. 手工/十字绣 3257 [148019, 151275]		

6. 家用/商用家具 1556 [151276, 152831]
	0. 储物家具 12 [151276, 151287]
			0. 墙面搁架 12 [151276, 151287]		
	1. 客厅家具 48 [151288, 151335]
			0. 边桌/茶几 22 [151288, 151309]		1. 沙发 26 [151310, 151335]		
			
	2. 卧室家具 1471 [151336, 152806]
			0. 床 958 [151336, 152293]		1. 床垫 251 [152294, 152544]		
			2. 床头柜 67 [152545, 152611]		3. 斗柜 12 [152612, 152623]		
			4. 简易衣柜 137 [152624, 152760]		5. 梳妆台/凳 46 [152761, 152806]		
			
	3. 阳台/户外 25 [152807, 152831]
			0. 家用梯 25 [152807, 152831]		

7. 家用电器 1853 [152832, 154684]
	0. 厨房小电 150 [152832, 152981]
			0. 电饭煲 56 [152832, 152887]		1. 电水壶/热水瓶 25 [152888, 152912]		
			2. 料理机 29 [152913, 152941]		3. 其它厨房电器 25 [152942, 152966]		
			4. 养生壶/煎药壶 15 [152967, 152981]		
	1. 厨卫大电 225 [152982, 153206]
			0. 燃气灶 36 [152982, 153017]		1. 消毒柜 13 [153018, 153030]		
			2. 油烟机 176 [153031, 153206]		
	2. 大家电 432 [153207, 153638]
			0. 冰箱 47 [153207, 153253]		1. 家电配件 92 [153254, 153345]		
			2. 家庭影院 93 [153346, 153438]		3. 空调 18 [153439, 153456]		
			4. 冷柜/冰吧 58 [153457, 153514]		5. 平板电视 68 [153515, 153582]		
			6. 洗衣机 56 [153583, 153638]		
	3. 个护健康 505 [153639, 154143]
			0. 按摩器 151 [153639, 153789]		1. 按摩椅 30 [153790, 153819]		
			2. 电吹风 28 [153820, 153847]		3. 电子秤/厨房秤 48 [153848, 153895]		
			4. 卷/直发器 21 [153896, 153916]		5. 口腔护理 42 [153917, 153958]		
			6. 理发器 86 [153959, 154044]		7. 美容器 39 [154045, 154083]		
			8. 其它健康电器 15 [154084, 154098]		9. 剃须刀 45 [154099, 154143]		
			
	4. 生活电器 541 [154144, 154684]
			0. 除湿机 15 [154144, 154158]		1. 电风扇 41 [154159, 154199]		
			2. 电话机 114 [154200, 154313]		3. 挂烫机/熨斗 33 [154314, 154346]		
			4. 加湿器 16 [154347, 154362]		5. 净化器 28 [154363, 154390]		
			6. 净水器 261 [154391, 154651]		7. 取暖电器 12 [154652, 154663]		
			8. 生活电器配件 21 [154664, 154684]		

8. 家装建材 10316 [154685, 165000]
	0. 厨房卫浴 408 [154685, 155092]
			0. 净水软水 59 [154685, 154743]		1. 淋浴花洒 160 [154744, 154903]		
			2. 龙头 39 [154904, 154942]		3. 马桶 61 [154943, 155003]		
			4. 水槽 53 [155004, 155056]		5. 浴室柜 36 [155057, 155092]		
			
	1. 灯饰照明 6963 [155093, 162055]
			0. LED灯 181 [155093, 155273]		1. 吊灯 1476 [155274, 156749]		
			2. 节能灯 58 [156750, 156807]		3. 落地灯 15 [156808, 156822]		
			4. 室外/庭院灯 53 [156823, 156875]		5. 台灯 131 [156876, 157006]		
			6. 筒灯/射灯 231 [157007, 157237]		7. 吸顶灯 4614 [157238, 161851]		
			8. 装饰灯 204 [161852, 162055]		
	2. 电工电料 1681 [162056, 163736]
			0. 电线/电缆 144 [162056, 162199]		1. 开关插座 1281 [162200, 163480]		
			2. 门铃 32 [163481, 163512]		3. 配电箱/断路器 192 [163513, 163704]		
			4. 智能家居 32 [163705, 163736]		
	3. 墙地面材料 251 [163737, 163987]
			0. 壁纸 85 [163737, 163821]		1. 地板 14 [163822, 163835]		
			2. 涂刷辅料/胶类 82 [163836, 163917]		3. 油漆/涂料 70 [163918, 163987]		
			
	4. 五金家装 1013 [163988, 165000]
			0. 测量工具 51 [163988, 164038]		1. 电动工具 161 [164039, 164199]		
			2. 家用五金 294 [164200, 164493]		3. 劳防用品 52 [164494, 164545]		
			4. 手动工具 455 [164546, 165000]		

9. 教育音像 1824 [165001, 166824]
	0. 教材/教辅 187 [165001, 165187]
			0. 初中 33 [165001, 165033]		1. 高中 25 [165034, 165058]		
			2. 小学 95 [165059, 165153]		3. 医学教材 34 [165154, 165187]		
			
	1. 经管/培训 1183 [165188, 166370]
			0. 财务管理 27 [165188, 165214]		1. 创业/融资 15 [165215, 165229]		
			2. 党政学习 26 [165230, 165255]		3. 国学 149 [165256, 165404]		
			4. 名家访谈/讲座 13 [165405, 165417]		5. 人力资源/行政管理 52 [165418, 165469]		
			6. 商务社交礼仪 21 [165470, 165490]		7. 生产管理 22 [165491, 165512]		
			8. 市场营销管理 48 [165513, 165560]		9. 销售管理 75 [165561, 165635]		
			10. 行业培训 516 [165636, 166151]		11. 运营管理 57 [166152, 166208]		
			12. 战略管理 65 [166209, 166273]		13. 职业经理人/领导力 73 [166274, 166346]		
			14. 职业素养/个人修炼 24 [166347, 166370]		
	2. 亲子幼教 78 [166371, 166448]
			0. 歌谣/舞蹈 31 [166371, 166401]		1. 童话故事 18 [166402, 166419]		
			2. 学前教育 16 [166420, 166435]		3. 幼儿/少儿英语 13 [166436, 166448]		
			
	3. 软件工具 13 [166449, 166461]
			0. 建筑软件 13 [166449, 166461]		
	4. 在线教育/学习卡 363 [166462, 166824]
			0. 其他 20 [166462, 166481]		1. 研究生考试 332 [166482, 166813]		
			2. 医卫 11 [166814, 166824]		

10. 母婴用品/玩具乐器 36953 [166825, 203777]
	0. 安全座椅 245 [166825, 167069]
			0. 安全座椅 245 [166825, 167069]		
	1. 创意减压 329 [167070, 167398]
			0. 创意玩具 282 [167070, 167351]		1. 减压玩具 47 [167352, 167398]		
			
	2. 动漫玩具 1645 [167399, 169043]
			0. 电影周边 159 [167399, 167557]		1. 卡通周边 1486 [167558, 169043]		
			
	3. 积木拼插 2436 [169044, 171479]
			0. 积木 2063 [169044, 171106]		1. 立体拼插 167 [171107, 171273]		
			2. 拼图 206 [171274, 171479]		
	4. 健身玩具 1121 [171480, 172600]
			0. 户外玩具 600 [171480, 172079]		1. 爬行垫/毯 318 [172080, 172397]		
			2. 戏水玩具 164 [172398, 172561]		3. 炫舞毯 39 [172562, 172600]		
			
	5. 乐器 1221 [172601, 173821]
			0. 打击乐器 35 [172601, 172635]		1. 电脑音乐 22 [172636, 172657]		
			2. 口琴/口风琴/竖笛 66 [172658, 172723]		3. 乐器配件 921 [172724, 173644]		
			4. 民族管弦乐器 162 [173645, 173806]		5. 西洋管弦 15 [173807, 173821]		
			
	6. 妈妈专区 4111 [173822, 177932]
			0. 产后塑身 89 [173822, 173910]		1. 待产护理 275 [173911, 174185]		
			2. 防辐射服 515 [174186, 174700]		3. 防溢乳垫 37 [174701, 174737]		
			4. 妈咪包/背婴带 580 [174738, 175317]		5. 文胸/内裤 32 [175318, 175349]		
			6. 月子装 21 [175350, 175370]		7. 孕妇护肤 111 [175371, 175481]		
			8. 孕妈装 2451 [175482, 177932]		
	7. 毛绒布艺 6082 [177933, 184014]
			0. 靠垫/抱枕 102 [177933, 178034]		1. 毛绒/布艺 5980 [178035, 184014]		
			
	8. 模型玩具 1925 [184015, 185939]
			0. 仿真模型 1759 [184015, 185773]		1. 拼插模型 149 [185774, 185922]		
			2. 收藏爱好 17 [185923, 185939]		
	9. 奶粉 837 [185940, 186776]
			0. 婴幼奶粉 837 [185940, 186776]		
	10. 尿裤湿巾 714 [186777, 187490]
			0. 成人尿裤 27 [186777, 186803]		1. 拉拉裤 14 [186804, 186817]		
			2. 婴儿尿裤 589 [186818, 187406]		3. 婴儿湿巾 84 [187407, 187490]		
			
	11. 寝居服饰 6464 [187491, 193954]
			0. 安全防护 313 [187491, 187803]		1. 家居床品 1159 [187804, 188962]		
			2. 睡袋/抱被 403 [188963, 189365]		3. 婴儿礼盒 798 [189366, 190163]		
			4. 婴儿内衣 727 [190164, 190890]		5. 婴儿外出服 2764 [190891, 193654]		
			6. 婴儿鞋帽袜 300 [193655, 193954]		
	12. 适用年龄 46 [193955, 194000]
			0. 1-3岁 15 [193955, 193969]		1. 3-6岁 18 [193970, 193987]		
			2. 6-14岁 13 [193988, 194000]		
	13. 童车童床 1510 [194001, 195510]
			0. 餐椅摇椅 157 [194001, 194157]		1. 电动车 186 [194158, 194343]		
			2. 扭扭车 37 [194344, 194380]		3. 三轮车 91 [194381, 194471]		
			4. 学步车 60 [194472, 194531]		5. 婴儿床 266 [194532, 194797]		
			6. 婴儿推车 598 [194798, 195395]		7. 自行车 115 [195396, 195510]		
			
	14. 童装童鞋 1588 [195511, 197098]
			0. 儿童配饰 26 [195511, 195536]		1. 裤子 174 [195537, 195710]		
			2. 礼服/演出服 33 [195711, 195743]		3. 凉鞋 94 [195744, 195837]		
			4. 皮鞋/帆布鞋 48 [195838, 195885]		5. 亲子装 35 [195886, 195920]		
			6. 裙子 85 [195921, 196005]		7. 上衣 388 [196006, 196393]		
			8. 套装 416 [196394, 196809]		9. 运动鞋 289 [196810, 197098]		
			
	15. 娃娃玩具 327 [197099, 197425]
			0. 芭比娃娃 191 [197099, 197289]		1. 卡通娃娃 27 [197290, 197316]		
			2. 智能娃娃 109 [197317, 197425]		
	16. 喂养用品 1502 [197426, 198927]
			0. 儿童餐具 159 [197426, 197584]		1. 奶瓶奶嘴 888 [197585, 198472]		
			2. 暖奶消毒 94 [198473, 198566]		3. 水壶/水杯 156 [198567, 198722]		
			4. 吸奶器 106 [198723, 198828]		5. 牙胶安抚 99 [198829, 198927]		
			
	17. 洗护用品 891 [198928, 199818]
			0. 宝宝护肤 185 [198928, 199112]		1. 理发器 27 [199113, 199139]		
			2. 驱蚊防晒 138 [199140, 199277]		3. 日常护理 184 [199278, 199461]		
			4. 洗发沐浴 70 [199462, 199531]		5. 洗衣液/皂 58 [199532, 199589]		
			6. 洗澡用具 194 [199590, 199783]		7. 座便器 35 [199784, 199818]		
			
	18. 遥控/电动 1159 [199819, 200977]
			0. 轨道/助力 216 [199819, 200034]		1. 机器人 52 [200035, 200086]		
			2. 遥控车 515 [200087, 200601]		3. 遥控船 43 [200602, 200644]		
			4. 遥控飞机 333 [200645, 200977]		
	19. 益智玩具 2602 [200978, 203579]
			0. 健身架 12 [200978, 200989]		1. 摇铃/床铃 122 [200990, 201111]		
			2. 早教启智 2468 [201112, 203579]		
	20. 营养辅食 198 [203580, 203777]
			0. 宝宝零食 45 [203580, 203624]		1. 钙铁锌/维生素 20 [203625, 203644]		
			2. 米粉/菜粉 102 [203645, 203746]		3. 面条/粥 12 [203747, 203758]		
			4. 清火/开胃 19 [203759, 203777]		

11. 汽配用品 82800 [203778, 286577]
	0. 安全自驾 1759 [203778, 205536]
			0. 安全座椅 22 [203778, 203799]		1. 保温箱 23 [203800, 203822]		
			2. 充气泵 72 [203823, 203894]		3. 储物箱 11 [203895, 203905]		
			4. 防盗设备 112 [203906, 204017]		5. 摩托车装备 1107 [204018, 205124]		
			6. 胎压监测 41 [205125, 205165]		7. 应急救援 249 [205166, 205414]		
			8. 自驾野营 122 [205415, 205536]		
	1. 车载电器 1992 [205537, 207528]
			0. 安全预警仪 32 [205537, 205568]		1. 冰箱 135 [205569, 205703]		
			2. 车载电台 25 [205704, 205728]		3. 车载影音 35 [205729, 205763]		
			4. 倒车雷达 23 [205764, 205786]		5. 导航仪 17 [205787, 205803]		
			6. 电源 249 [205804, 206052]		7. 净化器 82 [206053, 206134]		
			8. 吸尘器 61 [206135, 206195]		9. 行车记录仪 1222 [206196, 207417]		
			10. 智能车机 111 [207418, 207528]		
	2. 美容清洗 2608 [207529, 210136]
			0. 玻璃水 31 [207529, 207559]		1. 补漆笔 2040 [207560, 209599]		
			2. 车蜡 116 [209600, 209715]		3. 打蜡机 15 [209716, 209730]		
			4. 毛巾掸子 34 [209731, 209764]		5. 清洁剂 127 [209765, 209891]		
			6. 洗车机 51 [209892, 209942]		7. 洗车配件 37 [209943, 209979]		
			8. 洗车水枪 157 [209980, 210136]		
	3. 汽车服务 103 [210137, 210239]
			0. 保养维修 103 [210137, 210239]		
	4. 汽车装饰 63999 [210240, 274238]
			0. 车身装饰件 14657 [210240, 224896]		1. 车衣 2937 [224897, 227833]		
			2. 方向盘套 1375 [227834, 229208]		3. 功能小件 13394 [229209, 242602]		
			4. 挂件摆件 718 [242603, 243320]		5. 后备箱垫 1982 [243321, 245302]		
			6. 脚垫 11168 [245303, 256470]		7. 空气净化 117 [256471, 256587]		
			8. 头枕腰靠 664 [256588, 257251]		9. 香水 751 [257252, 258002]		
			10. 座垫 13451 [258003, 271453]		11. 座套 2785 [271454, 274238]		
			
	5. 赛事改装 22 [274239, 274260]
			0. 车身强化 22 [274239, 274260]		
	6. 维修保养 12317 [274261, 286577]
			0. 柴机油/辅助油 38 [274261, 274298]		1. 车灯 2651 [274299, 276949]		
			2. 底盘装甲/护板 132 [276950, 277081]		3. 防冻液 19 [277082, 277100]		
			4. 后视镜 56 [277101, 277156]		5. 火花塞 656 [277157, 277812]		
			6. 机油 128 [277813, 277940]		7. 减震器 23 [277941, 277963]		
			8. 滤清器 2870 [277964, 280833]		9. 轮胎 326 [280834, 281159]		
			10. 轮毂 93 [281160, 281252]		11. 汽修工具 932 [281253, 282184]		
			12. 刹车片/盘 1240 [282185, 283424]		13. 添加剂 126 [283425, 283550]		
			14. 贴膜 94 [283551, 283644]		15. 维修配件 191 [283645, 283835]		
			16. 蓄电池 259 [283836, 284094]		17. 雨刷 2483 [284095, 286577]		
			

12. 生鲜水果 477 [286578, 287054]
	0. 海鲜水产 244 [286578, 286821]
			0. 贝类 21 [286578, 286598]		1. 海参 27 [286599, 286625]		
			2. 海产干货 19 [286626, 286644]		3. 虾类 49 [286645, 286693]		
			4. 蟹类 64 [286694, 286757]		5. 鱼类 64 [286758, 286821]		
			
	1. 禽肉蛋品 65 [286822, 286886]
			0. 蛋类 65 [286822, 286886]		
	2. 蔬菜 20 [286887, 286906]
			0. 根茎类 20 [286887, 286906]		
	3. 水果 47 [286907, 286953]
			0. 车厘子/樱桃 17 [286907, 286923]		1. 更多水果 30 [286924, 286953]		
			
	4. 猪牛羊肉 101 [286954, 287054]
			0. 牛肉 71 [286954, 287024]		1. 羊肉 13 [287025, 287037]		
			2. 猪肉 17 [287038, 287054]		

13. 食品/饮料/酒水 12322 [287055, 299376]
	0. 地方特产 89 [287055, 287143]
			0. 其他特产 66 [287055, 287120]		1. 山西 23 [287121, 287143]		
			
	1. 进口食品 984 [287144, 288127]
			0. 饼干蛋糕 225 [287144, 287368]		1. 冲调饮品 206 [287369, 287574]		
			2. 粮油调味 147 [287575, 287721]		3. 牛奶 25 [287722, 287746]		
			4. 糖果/巧克力 140 [287747, 287886]		5. 休闲零食 241 [287887, 288127]		
			
	2. 粮油调味 1633 [288128, 289760]
			0. 调味品 662 [288128, 288789]		1. 方便食品 426 [288790, 289215]		
			2. 烘焙原料 96 [289216, 289311]		3. 南北干货 288 [289312, 289599]		
			4. 食用油 161 [289600, 289760]		
	3. 食品礼券 484 [289761, 290244]
			0. 卡券 149 [289761, 289909]		1. 粽子 335 [289910, 290244]		
			
	4. 休闲食品 4705 [290245, 294949]
			0. 饼干蛋糕 1178 [290245, 291422]		1. 坚果炒货 529 [291423, 291951]		
			2. 蜜饯果干 520 [291952, 292471]		3. 肉干肉脯 640 [292472, 293111]		
			4. 熟食腊味 63 [293112, 293174]		5. 糖果/巧克力 820 [293175, 293994]		
			6. 休闲零食 955 [293995, 294949]		
	5. 饮料冲调 1040 [294950, 295989]
			0. 成人奶粉 33 [294950, 294982]		1. 冲饮谷物 251 [294983, 295233]		
			2. 蜂蜜/柚子茶 91 [295234, 295324]		3. 咖啡/奶茶 320 [295325, 295644]		
			4. 牛奶乳品 61 [295645, 295705]		5. 饮料 189 [295706, 295894]		
			6. 饮用水 95 [295895, 295989]		
	6. 中外名酒 2401 [295990, 298390]
			0. 白酒 892 [295990, 296881]		1. 黄酒/养生酒 66 [296882, 296947]		
			2. 啤酒 160 [296948, 297107]		3. 葡萄酒 946 [297108, 298053]		
			4. 洋酒 337 [298054, 298390]		
	7. 茗茶 986 [298391, 299376]
			0. 白茶 14 [298391, 298404]		1. 黑茶 32 [298405, 298436]		
			2. 红茶 162 [298437, 298598]		3. 花草茶 169 [298599, 298767]		
			4. 龙井 12 [298768, 298779]		5. 绿茶 141 [298780, 298920]		
			6. 普洱 202 [298921, 299122]		7. 铁观音 92 [299123, 299214]		
			8. 乌龙茶 93 [299215, 299307]		9. 养生茶 69 [299308, 299376]		
			

14. 手机数码 34691 [299377, 334067]
	0. 电子教育 151 [299377, 299527]
			0. 电纸书 35 [299377, 299411]		1. 复读机 26 [299412, 299437]		
			2. 录音笔 72 [299438, 299509]		3. 学生平板 18 [299510, 299527]		
			
	1. 摄影摄像 428 [299528, 299955]
			0. 单电/微单相机 30 [299528, 299557]		1. 单反相机 110 [299558, 299667]		
			2. 镜头 97 [299668, 299764]		3. 摄像机 27 [299765, 299791]		
			4. 数码相机 23 [299792, 299814]		5. 影棚器材 109 [299815, 299923]		
			6. 运动相机 32 [299924, 299955]		
	2. 手机配件 29435 [299956, 329390]
			0. 充电器 106 [299956, 300061]		1. 创意配件 239 [300062, 300300]		
			2. 蓝牙耳机 136 [300301, 300436]		3. 拍照配件 104 [300437, 300540]		
			4. 苹果周边 47 [300541, 300587]		5. 手机保护套 24824 [300588, 325411]		
			6. 手机存储卡 17 [325412, 325428]		7. 手机电池 273 [325429, 325701]		
			8. 手机耳机 36 [325702, 325737]		9. 手机贴膜 2851 [325738, 328588]		
			10. 手机支架 17 [328589, 328605]		11. 数据线 232 [328606, 328837]		
			12. 移动电源 553 [328838, 329390]		
	3. 手机通讯 174 [329391, 329564]
			0. 手机 174 [329391, 329564]		
	4. 数码配件 1435 [329565, 330999]
			0. 存储卡 90 [329565, 329654]		1. 电池/充电器 247 [329655, 329901]		
			2. 机身附件 75 [329902, 329976]		3. 镜头附件 107 [329977, 330083]		
			4. 滤镜 372 [330084, 330455]		5. 三脚架/云台 175 [330456, 330630]		
			6. 闪光灯/手柄 28 [330631, 330658]		7. 相机包 317 [330659, 330975]		
			8. 相机清洁/贴膜 24 [330976, 330999]		
	5. 影音娱乐 2440 [331000, 333439]
			0. MP3/MP4 105 [331000, 331104]		1. 耳机/耳麦 763 [331105, 331867]		
			2. 麦克风 241 [331868, 332108]		3. 音箱/音响 1198 [332109, 333306]		
			4. 专业音频 133 [333307, 333439]		
	6. 智能设备 628 [333440, 334067]
			0. 智能家居 75 [333440, 333514]		1. 智能手表 203 [333515, 333717]		
			2. 智能手环 289 [333718, 334006]		3. 智能眼镜 61 [334007, 334067]		
			

15. 图书杂志 32067 [334068, 366134]
	0. 传记 344 [334068, 334411]
			0. 财经人物 43 [334068, 334110]		1. 经典传记 15 [334111, 334125]		
			2. 军事人物 16 [334126, 334141]		3. 历代帝王 28 [334142, 334169]		
			4. 历史人物 63 [334170, 334232]		5. 领袖首脑 35 [334233, 334267]		
			6. 女性人物 16 [334268, 334283]		7. 人物合集 28 [334284, 334311]		
			8. 文学家 23 [334312, 334334]		9. 文娱明星 13 [334335, 334347]		
			10. 艺术家 14 [334348, 334361]		11. 政治人物 50 [334362, 334411]		
			
	1. 大中专教材教辅 1088 [334412, 335499]
			0. 大学教材 935 [334412, 335346]		1. 高职高专教材 78 [335347, 335424]		
			2. 研究生教材 14 [335425, 335438]		3. 职业培训教材 42 [335439, 335480]		
			4. 中职中专教材 19 [335481, 335499]		
	2. 电子与通信 13 [335500, 335512]
			0. 通信 13 [335500, 335512]		
	3. 动漫 253 [335513, 335765]
			0. 爆笑漫画 15 [335513, 335527]		1. 大陆动漫 88 [335528, 335615]		
			2. 动漫学堂 26 [335616, 335641]		3. 港台动漫 17 [335642, 335658]		
			4. 绘本 44 [335659, 335702]		5. 欧美动漫 20 [335703, 335722]		
			6. 轻小说 11 [335723, 335733]		7. 日本动漫 32 [335734, 335765]		
			
	4. 法律 409 [335766, 336174]
			0. 法律法规 128 [335766, 335893]		1. 法律工具书 15 [335894, 335908]		
			2. 法律普及读物 18 [335909, 335926]		3. 法律实务 77 [335927, 336003]		
			4. 经济法 16 [336004, 336019]		5. 理论法学 45 [336020, 336064]		
			6. 民法 28 [336065, 336092]		7. 司法案例与司法解释 49 [336093, 336141]		
			8. 诉讼法 16 [336142, 336157]		9. 刑法 17 [336158, 336174]		
			
	5. 工业技术 954 [336175, 337128]
			0. 参考工具书 341 [336175, 336515]		1. 电工电气 168 [336516, 336683]		
			2. 工业技术理论 16 [336684, 336699]		3. 航空、航天 15 [336700, 336714]		
			4. 化学工业 39 [336715, 336753]		5. 机械、仪表工业 60 [336754, 336813]		
			6. 交通运输 58 [336814, 336871]		7. 金属学与金属工艺 30 [336872, 336901]		
			8. 矿业工程 14 [336902, 336915]		9. 汽车与车辆 35 [336916, 336950]		
			10. 轻工业、手工业 41 [336951, 336991]		11. 石油、天然气工业 31 [336992, 337022]		
			12. 水利水电 59 [337023, 337081]		13. 冶金工业 12 [337082, 337093]		
			14. 一般工业技术 35 [337094, 337128]		
	6. 管理 725 [337129, 337853]
			0. 财务管理 15 [337129, 337143]		1. 创业/商业史传 37 [337144, 337180]		
			2. 电子商务 96 [337181, 337276]		3. 管理学 186 [337277, 337462]		
			4. 领导学 37 [337463, 337499]		5. 企业管理与培训 108 [337500, 337607]		
			6. 人力资源管理 37 [337608, 337644]		7. 生产与运作管理 17 [337645, 337661]		
			8. 市场营销 154 [337662, 337815]		9. 通俗读物 24 [337816, 337839]		
			10. 战略管理 14 [337840, 337853]		
	7. 国学/古籍 693 [337854, 338546]
			0. 古籍善本影印本 155 [337854, 338008]		1. 国学名家 30 [338009, 338038]		
			2. 国学普及读物 191 [338039, 338229]		3. 集部 75 [338230, 338304]		
			4. 经部 28 [338305, 338332]		5. 史部 29 [338333, 338361]		
			6. 四库全书 18 [338362, 338379]		7. 线装书 133 [338380, 338512]		
			8. 子部 34 [338513, 338546]		
	8. 绘画 240 [338547, 338786]
			0. 彩铅/铅笔画 45 [338547, 338591]		1. 国画赏析 16 [338592, 338607]		
			2. 绘画技法 17 [338608, 338624]		3. 绘画理论 15 [338625, 338639]		
			4. 名家画集 56 [338640, 338695]		5. 其他绘画 59 [338696, 338754]		
			6. 素描/速写 32 [338755, 338786]		
	9. 婚恋与两性 17 [338787, 338803]
			0. 两性关系 17 [338787, 338803]		
	10. 计算机与互联网 758 [338804, 339561]
			0. 办公软件 51 [338804, 338854]		1. 编程语言与程序设计 267 [338855, 339121]		
			2. 操作系统 38 [339122, 339159]		3. 辅助设计与工程计算 58 [339160, 339217]		
			4. 计算机工具书 40 [339218, 339257]		5. 计算机理论、基础知识 21 [339258, 339278]		
			6. 人工智能 16 [339279, 339294]		7. 软件工程及软件方法学 40 [339295, 339334]		
			8. 数据库 45 [339335, 339379]		9. 图形图像/多媒体 124 [339380, 339503]		
			10. 网络与通信 41 [339504, 339544]		11. 专用软件 17 [339545, 339561]		
			
	11. 家居 75 [339562, 339636]
			0. 家庭园艺 59 [339562, 339620]		1. 家装家饰 16 [339621, 339636]		
			
	12. 健身与保健 355 [339637, 339991]
			0. 保健食谱 41 [339637, 339677]		1. 常见病预防与治疗 26 [339678, 339703]		
			2. 急救常识 13 [339704, 339716]		3. 家庭保健 45 [339717, 339761]		
			4. 养生 65 [339762, 339826]		5. 运动健身 28 [339827, 339854]		
			6. 中医保健 137 [339855, 339991]		
	13. 建筑 1561 [339992, 341552]
			0. 标准和规范 691 [339992, 340682]		1. 城市规划、城市设计 19 [340683, 340701]		
			2. 城乡建设、市政工程、环境工程 24 [340702, 340725]		3. 建筑工程经济与管理 18 [340726, 340743]		
			4. 建筑工具书 69 [340744, 340812]		5. 建筑基础科学 20 [340813, 340832]		
			6. 建筑结构 24 [340833, 340856]		7. 建筑类教材与教辅 18 [340857, 340874]		
			8. 建筑设计 244 [340875, 341118]		9. 建筑施工与机械设备 21 [341119, 341139]		
			10. 建筑史 19 [341140, 341158]		11. 建筑艺术 16 [341159, 341174]		
			12. 室内设计、装饰装修 243 [341175, 341417]		13. 园林景观 83 [341418, 341500]		
			14. 执业资格考试用书 52 [341501, 341552]		
	14. 金融与投资 339 [341553, 341891]
			0. 个人理财 23 [341553, 341575]		1. 股票 136 [341576, 341711]		
			2. 货币银行学 23 [341712, 341734]		3. 金融理论 29 [341735, 341763]		
			4. 期货 16 [341764, 341779]		5. 投资 81 [341780, 341860]		
			6. 证券 31 [341861, 341891]		
	15. 进口原版 954 [341892, 342845]
			0. Arts & Photography（艺术与摄影） 128 [341892, 342019]		1. Business & Investing（商业与投资） 24 [342020, 342043]		
			2. Children's Books（儿童图书） 358 [342044, 342401]		3. Computers & Internet（计算机与网络） 23 [342402, 342424]		
			4. ELT（英语学习） 21 [342425, 342445]		5. Literature & Fiction（文学与虚构类） 123 [342446, 342568]		
			6. Medicine（医学） 15 [342569, 342583]		7. Nonfiction（非虚构类） 35 [342584, 342618]		
			8. Professional & Technical（专业与技术类） 61 [342619, 342679]		9. Reference（参考书） 16 [342680, 342695]		
			10. Science（科学） 127 [342696, 342822]		11. 小语种 23 [342823, 342845]		
			
	16. 经济 348 [342846, 343193]
			0. 财政税收 15 [342846, 342860]		1. 会计、审计 35 [342861, 342895]		
			2. 经济计划与管理 29 [342896, 342924]		3. 经济史 13 [342925, 342937]		
			4. 经济学理论 78 [342938, 343015]		5. 贸易经济 20 [343016, 343035]		
			6. 世界经济 19 [343036, 343054]		7. 通俗读物 38 [343055, 343092]		
			8. 行业经济 31 [343093, 343123]		9. 中国经济 70 [343124, 343193]		
			
	17. 考试 2279 [343194, 345472]
			0. MBA/MPA/MPACC 27 [343194, 343220]		1. 成人高考/自考 472 [343221, 343692]		
			2. 地方公务员 167 [343693, 343859]		3. 国家公务员 99 [343860, 343958]		
			4. 汉语/小语种考试 14 [343959, 343972]		5. 会计类考试 202 [343973, 344174]		
			6. 计算机考试 72 [344175, 344246]		7. 教师类考试 289 [344247, 344535]		
			8. 考研数学 36 [344536, 344571]		9. 考研英语 64 [344572, 344635]		
			10. 考研政治 43 [344636, 344678]		11. 考研专业课 37 [344679, 344715]		
			12. 其他经管类考试 71 [344716, 344786]		13. 其他资格/职称考试 107 [344787, 344893]		
			14. 事业单位考试 160 [344894, 345053]		15. 司法考试 71 [345054, 345124]		
			16. 医学类考试 264 [345125, 345388]		17. 银行类考试 53 [345389, 345441]		
			18. 证券从业资格考试 31 [345442, 345472]		
	18. 科普读物 173 [345473, 345645]
			0. 百科知识 82 [345473, 345554]		1. 地球科学 13 [345555, 345567]		
			2. 儿童科普 15 [345568, 345582]		3. 神秘现象 14 [345583, 345596]		
			4. 生物世界 24 [345597, 345620]		5. 数理化 13 [345621, 345633]		
			6. 天文航天 12 [345634, 345645]		
	19. 科学与自然 150 [345646, 345795]
			0. 地球物理学 12 [345646, 345657]		1. 环境科学 22 [345658, 345679]		
			2. 生物科学 52 [345680, 345731]		3. 数学 30 [345732, 345761]		
			4. 物理学 21 [345762, 345782]		5. 自然科学总论 13 [345783, 345795]		
			
	20. 励志与成功 634 [345796, 346429]
			0. 成功学 116 [345796, 345911]		1. 经典著作 27 [345912, 345938]		
			2. 名人励志 22 [345939, 345960]		3. 女性励志 48 [345961, 346008]		
			4. 青少年励志/大学生指南 27 [346009, 346035]		5. 情商管理 15 [346036, 346050]		
			6. 人际与社交 72 [346051, 346122]		7. 人在职场 34 [346123, 346156]		
			8. 心灵鸡汤 71 [346157, 346227]		9. 性格/习惯 13 [346228, 346240]		
			10. 演讲与口才 46 [346241, 346286]		11. 智慧格言 33 [346287, 346319]		
			12. 智力与谋略 46 [346320, 346365]		13. 自我调节 24 [346366, 346389]		
			14. 自我完善 40 [346390, 346429]		
	21. 历史 1098 [346430, 347527]
			0. 地方史志 24 [346430, 346453]		1. 经典著作 35 [346454, 346488]		
			2. 历史工具书 32 [346489, 346520]		3. 历史热点 24 [346521, 346544]		
			4. 历史研究与评论 17 [346545, 346561]		5. 史家名著 19 [346562, 346580]		
			6. 史学理论 22 [346581, 346602]		7. 世界史 136 [346603, 346738]		
			8. 通俗说史 53 [346739, 346791]		9. 文物考古 279 [346792, 347070]		
			10. 中国史 457 [347071, 347527]		
	22. 旅游/地图 383 [347528, 347910]
			0. 导游必备 59 [347528, 347586]		1. 分省/区域/城市地图 77 [347587, 347663]		
			2. 挂图/折叠图 14 [347664, 347677]		3. 国家/区域地理地图 26 [347678, 347703]		
			4. 国内游 34 [347704, 347737]		5. 国外游 36 [347738, 347773]		
			6. 旅游地图 33 [347774, 347806]		7. 旅游随笔 19 [347807, 347825]		
			8. 旅游指南 36 [347826, 347861]		9. 世界地图 15 [347862, 347876]		
			10. 中国地图 22 [347877, 347898]		11. 自助游 12 [347899, 347910]		
			
	23. 农业/林业 144 [347911, 348054]
			0. 林业 32 [347911, 347942]		1. 农业基础科学 17 [347943, 347959]		
			2. 畜牧、狩猎、蚕、蜂 76 [347960, 348035]		3. 园艺 19 [348036, 348054]		
			
	24. 烹饪/美食 229 [348055, 348283]
			0. “三高”人群食谱 27 [348055, 348081]		1. 茶酒饮品 33 [348082, 348114]		
			2. 烘焙甜品 31 [348115, 348145]		3. 家常菜谱 92 [348146, 348237]		
			4. 养生食疗 27 [348238, 348264]		5. 饮食文化 19 [348265, 348283]		
			
	25. 青春文学 346 [348284, 348629]
			0. 爱情/情感 186 [348284, 348469]		1. 校园 51 [348470, 348520]		
			2. 玄幻/科幻/新武侠 91 [348521, 348611]		3. 娱乐/偶像 18 [348612, 348629]		
			
	26. 摄影 80 [348630, 348709]
			0. 摄影技法 80 [348630, 348709]		
	27. 社会科学 457 [348710, 349166]
			0. 教育 105 [348710, 348814]		1. 经典著作 15 [348815, 348829]		
			2. 社会科学丛书、文集、连续出版物 64 [348830, 348893]		3. 社会科学理论 38 [348894, 348931]		
			4. 社会学 52 [348932, 348983]		5. 社区 42 [348984, 349025]		
			6. 统计学 24 [349026, 349049]		7. 新闻出版/档案管理 33 [349050, 349082]		
			8. 语言文字 84 [349083, 349166]		
	28. 时尚/美妆 38 [349167, 349204]
			0. 彩妆/美发/美甲 38 [349167, 349204]		
	29. 套装书 14 [349205, 349218]
			0. 套装书 14 [349205, 349218]		
	30. 体育/运动 46 [349219, 349264]
			0. 奥林匹克 16 [349219, 349234]		1. 棋牌 30 [349235, 349264]		
			
	31. 童书 4664 [349265, 353928]
			0. 动漫/卡通 209 [349265, 349473]		1. 儿童文学 2002 [349474, 351475]		
			2. 绘本 689 [351476, 352164]		3. 科普/百科 639 [352165, 352803]		
			4. 励志/成长 66 [352804, 352869]		5. 美术/书法 80 [352870, 352949]		
			6. 少儿国学 68 [352950, 353017]		7. 少儿英语 132 [353018, 353149]		
			8. 手工/游戏 220 [353150, 353369]		9. 玩具书 21 [353370, 353390]		
			10. 幼儿启蒙 403 [353391, 353793]		11. 智力开发 135 [353794, 353928]		
			
	32. 外语学习 792 [353929, 354720]
			0. GRE/GMAT 18 [353929, 353946]		1. 词典与工具书 32 [353947, 353978]		
			2. 大学英语 14 [353979, 353992]		3. 德语 15 [353993, 354007]		
			4. 对外汉语 48 [354008, 354055]		5. 儿童英语 17 [354056, 354072]		
			6. 法语 17 [354073, 354089]		7. 韩语 29 [354090, 354118]		
			8. 其它英语考试 53 [354119, 354171]		9. 全国公共英语等级考试（PETS） 19 [354172, 354190]		
			10. 日语 67 [354191, 354257]		11. 生活实用英语 18 [354258, 354275]		
			12. 托福TOEFL 28 [354276, 354303]		13. 雅思IELTS 43 [354304, 354346]		
			14. 英语词汇 12 [354347, 354358]		15. 英语读物 131 [354359, 354489]		
			16. 英语口语 33 [354490, 354522]		17. 英语四/六级考试（CET-4/6） 48 [354523, 354570]		
			18. 英语专项训练 24 [354571, 354594]		19. 英语专业四/八级考试 18 [354595, 354612]		
			20. 英语综合教程 58 [354613, 354670]		21. 职称英语 18 [354671, 354688]		
			22. 职业/行业英语 13 [354689, 354701]		23. 中小学英语 19 [354702, 354720]		
			
	33. 文化 283 [354721, 355003]
			0. 传统文化 92 [354721, 354812]		1. 地域文化 14 [354813, 354826]		
			2. 民俗文化 19 [354827, 354845]		3. 世界各国文化 49 [354846, 354894]		
			4. 文化刊物 43 [354895, 354937]		5. 文化理论 15 [354938, 354952]		
			6. 文化评述 15 [354953, 354967]		7. 文化史 16 [354968, 354983]		
			8. 文化研究 20 [354984, 355003]		
	34. 文化用品 965 [355004, 355968]
			0. 笔类/书写工具 387 [355004, 355390]		1. 画具/画材/雕塑 174 [355391, 355564]		
			2. 教学/展示用品 65 [355565, 355629]		3. 其他文化用品 126 [355630, 355755]		
			4. 文房四宝 26 [355756, 355781]		5. 纸品/印刷制品 172 [355782, 355953]		
			6. 字画 15 [355954, 355968]		
	35. 文学 1235 [355969, 357203]
			0. 儿童文学 41 [355969, 356009]		1. 纪实文学 40 [356010, 356049]		
			2. 民间文学 22 [356050, 356071]		3. 名家作品 49 [356072, 356120]		
			4. 期刊杂志 16 [356121, 356136]		5. 散文/随笔/书信 408 [356137, 356544]		
			6. 诗歌词曲 181 [356545, 356725]		7. 外国文学 40 [356726, 356765]		
			8. 文学理论 50 [356766, 356815]		9. 文学评论与研究 55 [356816, 356870]		
			10. 文学史 17 [356871, 356887]		11. 中国文学 210 [356888, 357097]		
			12. 作品集 106 [357098, 357203]		
	36. 小说 1159 [357204, 358362]
			0. 官场 27 [357204, 357230]		1. 惊悚/恐怖 15 [357231, 357245]		
			2. 军事 15 [357246, 357260]		3. 科幻小说 49 [357261, 357309]		
			4. 历史 47 [357310, 357356]		5. 魔幻/奇幻/玄幻 42 [357357, 357398]		
			6. 情感/家庭/婚姻 71 [357399, 357469]		7. 社会 67 [357470, 357536]		
			8. 世界名著 184 [357537, 357720]		9. 四大名著 96 [357721, 357816]		
			10. 外国小说 90 [357817, 357906]		11. 武侠 24 [357907, 357930]		
			12. 侦探/悬疑/推理 156 [357931, 358086]		13. 中国当代小说 123 [358087, 358209]		
			14. 中国古典小说 99 [358210, 358308]		15. 作品集 54 [358309, 358362]		
			
	37. 心理学 149 [358363, 358511]
			0. 大众心理学 21 [358363, 358383]		1. 经典著作 19 [358384, 358402]		
			2. 人格心理学 37 [358403, 358439]		3. 心理百科 55 [358440, 358494]		
			4. 心理学理论 17 [358495, 358511]		
	38. 医学 758 [358512, 359269]
			0. 儿科学 13 [358512, 358524]		1. 妇产科学 18 [358525, 358542]		
			2. 护理学 18 [358543, 358560]		3. 基础医学 27 [358561, 358587]		
			4. 口腔科学 16 [358588, 358603]		5. 临床医学 88 [358604, 358691]		
			6. 内科学 50 [358692, 358741]		7. 外科学 99 [358742, 358840]		
			8. 药学 49 [358841, 358889]		9. 医学/药学类考试 80 [358890, 358969]		
			10. 医学理论与研究 35 [358970, 359004]		11. 医学文献 14 [359005, 359018]		
			12. 预防医学、卫生学 12 [359019, 359030]		13. 中国医学 226 [359031, 359256]		
			14. 肿瘤学 13 [359257, 359269]		
	39. 艺术 976 [359270, 360245]
			0. 工艺美术 41 [359270, 359310]		1. 鉴赏收藏 187 [359311, 359497]		
			2. 建筑 34 [359498, 359531]		3. 连环画 53 [359532, 359584]		
			4. 人体艺术 127 [359585, 359711]		5. 设计 149 [359712, 359860]		
			6. 舞台艺术戏剧 18 [359861, 359878]		7. 艺术类考试 16 [359879, 359894]		
			8. 艺术理论与评论 40 [359895, 359934]		9. 艺术史 14 [359935, 359948]		
			10. 影视 34 [359949, 359982]		11. 篆刻 263 [359983, 360245]		
			
	40. 娱乐/休闲 107 [360246, 360352]
			0. 风水/占卜 28 [360246, 360273]		1. 手工DIY 59 [360274, 360332]		
			2. 休闲游戏 20 [360333, 360352]		
	41. 育儿/家教 267 [360353, 360619]
			0. 家教方法 92 [360353, 360444]		1. 家教理论 18 [360445, 360462]		
			2. 亲子关系 57 [360463, 360519]		3. 素质教育 18 [360520, 360537]		
			4. 婴幼儿保健护理 18 [360538, 360555]		5. 婴幼儿饮食 17 [360556, 360572]		
			6. 育儿百科 47 [360573, 360619]		
	42. 杂志/期刊 469 [360620, 361088]
			0. 财经管理 25 [360620, 360644]		1. 健康美食 21 [360645, 360665]		
			2. 科普 19 [360666, 360684]		3. 旅游地理 32 [360685, 360716]		
			4. 母婴育儿 43 [360717, 360759]		5. 男士 13 [360760, 360772]		
			6. 汽车 12 [360773, 360784]		7. 生活休闲 18 [360785, 360802]		
			8. 时尚/美妆 62 [360803, 360864]		9. 体育运动 12 [360865, 360876]		
			10. 文学文摘 127 [360877, 361003]		11. 新闻/人物 19 [361004, 361022]		
			12. 艺术/摄影/设计 66 [361023, 361088]		
	43. 哲学/宗教 379 [361089, 361467]
			0. 佛教名家作品 28 [361089, 361116]		1. 佛教研究著作 14 [361117, 361130]		
			2. 基督教 14 [361131, 361144]		3. 伦理学 14 [361145, 361158]		
			4. 马克思哲学 12 [361159, 361170]		5. 西方哲学 25 [361171, 361195]		
			6. 哲学经典著作 32 [361196, 361227]		7. 哲学理论与流派 34 [361228, 361261]		
			8. 中国哲学 187 [361262, 361448]		9. 宗教普及读物 19 [361449, 361467]		
			
	44. 政治/军事 524 [361468, 361991]
			0. 党政读物 263 [361468, 361730]		1. 军事理论 12 [361731, 361742]		
			2. 军事史 19 [361743, 361761]		3. 世界军事 39 [361762, 361800]		
			4. 世界政治 21 [361801, 361821]		5. 武器装备 22 [361822, 361843]		
			6. 政治经典著作 14 [361844, 361857]		7. 政治理论 21 [361858, 361878]		
			8. 中国共产党 26 [361879, 361904]		9. 中国军事 12 [361905, 361916]		
			10. 中国政治 75 [361917, 361991]		
	45. 中小学教辅 4070 [361992, 366061]
			0. 奥数/竞赛 41 [361992, 362032]		1. 初二/八年级 265 [362033, 362297]		
			2. 初三/九年级 214 [362298, 362511]		3. 初一/七年级 134 [362512, 362645]		
			4. 初中通用 227 [362646, 362872]		5. 高二 42 [362873, 362914]		
			6. 高考 630 [362915, 363544]		7. 高一 64 [363545, 363608]		
			8. 高中通用 524 [363609, 364132]		9. 教师用书 67 [364133, 364199]		
			10. 小学二年级 103 [364200, 364302]		11. 小学六年级 132 [364303, 364434]		
			12. 小学三年级 126 [364435, 364560]		13. 小学升初中 42 [364561, 364602]		
			14. 小学四年级 136 [364603, 364738]		15. 小学通用 215 [364739, 364953]		
			16. 小学五年级 131 [364954, 365084]		17. 小学一年级 107 [365085, 365191]		
			18. 学习方法/报考指南 13 [365192, 365204]		19. 中考 178 [365205, 365382]		
			20. 中小学工具书 46 [365383, 365428]		21. 中小学课外读物 379 [365429, 365807]		
			22. 中小学作文辅导 156 [365808, 365963]		23. 字帖 98 [365964, 366061]		
			
	46. 字典词典/工具书 73 [366062, 366134]
			0. 汉语词典 34 [366062, 366095]		1. 汉语字典 19 [366096, 366114]		
			2. 英汉/汉英词典 20 [366115, 366134]		

16. 箱包皮具 23756 [366135, 389890]
	0. 潮流女包 14305 [366135, 380439]
			0. 单肩包 9039 [366135, 375173]		1. 卡包/零钱包 36 [375174, 375209]		
			2. 钱包 911 [375210, 376120]		3. 手拿包 74 [376121, 376194]		
			4. 手提包 193 [376195, 376387]		5. 双肩包 3983 [376388, 380370]		
			6. 斜挎包 69 [380371, 380439]		
	1. 功能箱包 4615 [380440, 385054]
			0. 电脑包 326 [380440, 380765]		1. 拉杆箱 2019 [380766, 382784]		
			2. 旅行包 110 [382785, 382894]		3. 旅行配件 32 [382895, 382926]		
			4. 书包 1613 [382927, 384539]		5. 相机包 29 [384540, 384568]		
			6. 休闲运动包 83 [384569, 384651]		7. 腰包/胸包 403 [384652, 385054]		
			
	2. 精品男包 4836 [385055, 389890]
			0. 单肩/斜挎包 1204 [385055, 386258]		1. 卡包名片夹 36 [386259, 386294]		
			2. 男士钱包 2406 [386295, 388700]		3. 男士手包 643 [388701, 389343]		
			4. 商务公文包 433 [389344, 389776]		5. 双肩包 102 [389777, 389878]		
			6. 钥匙包 12 [389879, 389890]		

17. 医药保健 3831 [389891, 393721]
	0. 保健器械 1083 [389891, 390973]
			0. 呼吸制氧 95 [389891, 389985]		1. 家庭护理 112 [389986, 390097]		
			2. 康复辅助 15 [390098, 390112]		3. 理疗仪 209 [390113, 390321]		
			4. 轮椅 123 [390322, 390444]		5. 雾化器 33 [390445, 390477]		
			6. 血糖仪 183 [390478, 390660]		7. 血压计 137 [390661, 390797]		
			8. 养生器械 55 [390798, 390852]		9. 中医保健 67 [390853, 390919]		
			10. 助听器 54 [390920, 390973]		
	1. 传统滋补 146 [390974, 391119]
			0. 阿胶 23 [390974, 390996]		1. 冬虫夏草 18 [390997, 391014]		
			2. 灵芝/孢子粉 15 [391015, 391029]		3. 人参/西洋参 36 [391030, 391065]		
			4. 燕窝 17 [391066, 391082]		5. 养生茶饮 19 [391083, 391101]		
			6. 药食同源 18 [391102, 391119]		
	2. 护理护具 1276 [391120, 392395]
			0. 鼻喉护理 39 [391120, 391158]		1. 跌打损伤 43 [391159, 391201]		
			2. 护理液 16 [391202, 391217]		3. 隐形眼镜 1178 [391218, 392395]		
			
	3. 营养成分 423 [392396, 392818]
			0. 蛋白质 21 [392396, 392416]		1. 酵素 29 [392417, 392445]		
			2. 玛咖 59 [392446, 392504]		3. 维生素/矿物质 249 [392505, 392753]		
			4. 鱼油/磷脂 39 [392754, 392792]		5. 左旋肉碱 26 [392793, 392818]		
			
	4. 营养健康 393 [392819, 393211]
			0. 肠胃养护 12 [392819, 392830]		1. 调节免疫 60 [392831, 392890]		
			2. 调节三高 51 [392891, 392941]		3. 改善睡眠 13 [392942, 392954]		
			4. 肝肾养护 47 [392955, 393001]		5. 骨骼健康 83 [393002, 393084]		
			6. 美容养颜 24 [393085, 393108]		7. 美体塑身 103 [393109, 393211]		
			
	5. 中西药品 510 [393212, 393721]
			0. 补气养血 40 [393212, 393251]		1. 补肾壮阳 59 [393252, 393310]		
			2. 肠胃消化 88 [393311, 393398]		3. 儿科用药 14 [393399, 393412]		
			4. 耳鼻喉用药 26 [393413, 393438]		5. 风湿骨外伤 56 [393439, 393494]		
			6. 妇科用药 35 [393495, 393529]		7. 感冒咳嗽 86 [393530, 393615]		
			8. 皮肤用药 67 [393616, 393682]		9. 维矿物质 25 [393683, 393707]		
			10. 眼科用药 14 [393708, 393721]		

18. 音乐影视 3541 [393722, 397262]
	0. HIFI发烧碟 810 [393722, 394531]
			0. HiFi试音 86 [393722, 393807]		1. 流行 681 [393808, 394488]		
			2. 民族 19 [394489, 394507]		3. 其他 24 [394508, 394531]		
			
	1. 电视剧 492 [394532, 395023]
			0. 爱情/婚姻 164 [394532, 394695]		1. 军事/谍战 253 [394696, 394948]		
			2. 历史/古装 75 [394949, 395023]		
	2. 电影 342 [395024, 395365]
			0. 爱情/偶像 11 [395024, 395034]		1. 电影套装、合集 14 [395035, 395048]		
			2. 动作/冒险 73 [395049, 395121]		3. 国产老电影 109 [395122, 395230]		
			4. 科幻/魔幻 135 [395231, 395365]		
	3. 古典 98 [395366, 395463]
			0. 古典合辑 41 [395366, 395406]		1. 交响乐 16 [395407, 395422]		
			2. 其他 24 [395423, 395446]		3. 协奏曲 17 [395447, 395463]		
			
	4. 华语流行 500 [395464, 395963]
			0. 合集 61 [395464, 395524]		1. 男歌手 243 [395525, 395767]		
			2. 女歌手 171 [395768, 395938]		3. 组合/乐队 25 [395939, 395963]		
			
	5. 卡通/动画 305 [395964, 396268]
			0. 卡通电视 146 [395964, 396109]		1. 卡通电影 159 [396110, 396268]		
			
	6. 民歌民乐 26 [396269, 396294]
			0. 民歌 11 [396269, 396279]		1. 民乐 15 [396280, 396294]		
			
	7. 内地流行 84 [396295, 396378]
			0. 合集 48 [396295, 396342]		1. 男歌手 19 [396343, 396361]		
			2. 女歌手 17 [396362, 396378]		
	8. 欧美流行 121 [396379, 396499]
			0. 合集 21 [396379, 396399]		1. 男歌手 34 [396400, 396433]		
			2. 女歌手 49 [396434, 396482]		3. 组合/乐队 17 [396483, 396499]		
			
	9. 其他分类 14 [396500, 396513]
			0. 其他 14 [396500, 396513]		
	10. 汽车音乐 55 [396514, 396568]
			0. 汽车音乐 55 [396514, 396568]		
	11. 生活百科 271 [396569, 396839]
			0. 健康/养生 67 [396569, 396635]		1. 其他 15 [396636, 396650]		
			2. 武术 130 [396651, 396780]		3. 舞蹈 17 [396781, 396797]		
			4. 运动/健身 21 [396798, 396818]		5. 瑜伽/塑身 21 [396819, 396839]		
			
	12. 文娱周边 40 [396840, 396879]
			0. 时尚娱乐 21 [396840, 396860]		1. 文化创意 19 [396861, 396879]		
			
	13. 戏剧/综艺 64 [396880, 396943]
			0. 京剧 18 [396880, 396897]		1. 其他品种戏曲 46 [396898, 396943]		
			
	14. 相声/戏曲/曲艺 14 [396944, 396957]
			0. 戏曲 14 [396944, 396957]		
	15. 有声读物 35 [396958, 396992]
			0. 小说 35 [396958, 396992]		
	16. 专题栏目/纪录片 215 [396993, 397207]
			0. 地理/自然 55 [396993, 397047]		1. 访谈/讲座 32 [397048, 397079]		
			2. 风光/旅游 31 [397080, 397110]		3. 军事/战争 12 [397111, 397122]		
			4. 科学/探索 17 [397123, 397139]		5. 历史/考古 21 [397140, 397160]		
			6. 其他 47 [397161, 397207]		
	17. 宗教/庆典音乐 55 [397208, 397262]
			0. 佛教音乐 55 [397208, 397262]		

19. 运动户外 35557 [397263, 432819]
	0. 垂钓用品 1213 [397263, 398475]
			0. 钓鱼配件 1213 [397263, 398475]		
	1. 户外鞋服 7072 [398476, 405547]
			0. T恤 294 [398476, 398769]		1. 冲锋衣裤 2843 [398770, 401612]		
			2. 登山鞋 438 [401613, 402050]		3. 功能内衣 29 [402051, 402079]		
			4. 户外风衣 789 [402080, 402868]		5. 户外袜 28 [402869, 402896]		
			6. 滑雪服 86 [402897, 402982]		7. 军迷服饰 693 [402983, 403675]		
			8. 软壳衣裤 19 [403676, 403694]		9. 速干衣裤 594 [403695, 404288]		
			10. 溯溪鞋 110 [404289, 404398]		11. 徒步鞋 367 [404399, 404765]		
			12. 休闲鞋 43 [404766, 404808]		13. 休闲衣裤 156 [404809, 404964]		
			14. 羽绒服/棉服 60 [404965, 405024]		15. 越野跑鞋 64 [405025, 405088]		
			16. 抓绒衣裤 459 [405089, 405547]		
	2. 户外装备 13404 [405548, 418951]
			0. 背包 1923 [405548, 407470]		1. 便携桌椅床 4213 [407471, 411683]		
			2. 冲浪潜水 575 [411684, 412258]		3. 登山攀岩 491 [412259, 412749]		
			4. 户外工具 444 [412750, 413193]		5. 户外配饰 976 [413194, 414169]		
			6. 户外仪表 299 [414170, 414468]		7. 户外照明 1222 [414469, 415690]		
			8. 滑雪装备 124 [415691, 415814]		9. 极限户外 20 [415815, 415834]		
			10. 救援装备 75 [415835, 415909]		11. 军迷用品 186 [415910, 416095]		
			12. 睡袋/吊床 660 [416096, 416755]		13. 望远镜 1021 [416756, 417776]		
			14. 帐篷/垫子 1175 [417777, 418951]		
	3. 健身训练 2795 [418952, 421746]
			0. 健身车/动感单车 156 [418952, 419107]		1. 跑步机 235 [419108, 419342]		
			2. 甩脂机 58 [419343, 419400]		3. 踏步机 22 [419401, 419422]		
			4. 武术搏击 536 [419423, 419958]		5. 哑铃 442 [419959, 420400]		
			6. 仰卧板/收腹机 96 [420401, 420496]		7. 运动护具 1158 [420497, 421654]		
			8. 综合训练器 92 [421655, 421746]		
	4. 骑行运动 159 [421747, 421905]
			0. 电动车 43 [421747, 421789]		1. 平衡车 53 [421790, 421842]		
			2. 骑行服 63 [421843, 421905]		
	5. 体育用品 5671 [421906, 427576]
			0. 高尔夫 1036 [421906, 422941]		1. 篮球 267 [422942, 423208]		
			2. 轮滑滑板 1346 [423209, 424554]		3. 排球 20 [424555, 424574]		
			4. 乒乓球 472 [424575, 425046]		5. 其他 47 [425047, 425093]		
			6. 棋牌麻将 495 [425094, 425588]		7. 台球 178 [425589, 425766]		
			8. 网球 165 [425767, 425931]		9. 羽毛球 1519 [425932, 427450]		
			10. 足球 126 [427451, 427576]		
	6. 游泳用品 3042 [427577, 430618]
			0. 男士泳衣 353 [427577, 427929]		1. 女士泳衣 1650 [427930, 429579]		
			2. 泳镜 631 [429580, 430210]		3. 泳帽 317 [430211, 430527]		
			4. 游泳包防水包 91 [430528, 430618]		
	7. 运动服饰 602 [430619, 431220]
			0. T恤 103 [430619, 430721]		1. 乒羽网服 13 [430722, 430734]		
			2. 套装 214 [430735, 430948]		3. 卫衣/套头衫 14 [430949, 430962]		
			4. 运动裤 196 [430963, 431158]		5. 运动配饰 62 [431159, 431220]		
			
	8. 运动鞋包 1599 [431221, 432819]
			0. 帆布鞋 25 [431221, 431245]		1. 篮球鞋 154 [431246, 431399]		
			2. 跑步鞋 1201 [431400, 432600]		3. 休闲鞋 108 [432601, 432708]		
			4. 运动包 45 [432709, 432753]		5. 足球鞋 66 [432754, 432819]		
			

20. 钟表礼品 44304 [432820, 477123]
	0. 礼品 35570 [432820, 468389]
			0. 创意礼品 6150 [432820, 438969]		1. 电子礼品 110 [438970, 439079]		
			2. 工艺礼品 14546 [439080, 453625]		3. 古董文玩 67 [453626, 453692]		
			4. 婚庆节庆 631 [453693, 454323]		5. 火机烟具 2079 [454324, 456402]		
			6. 军刀军具 92 [456403, 456494]		7. 礼品定制 133 [456495, 456627]		
			8. 礼品文具 6494 [456628, 463121]		9. 绿植 2596 [463122, 465717]		
			10. 美妆礼品 430 [465718, 466147]		11. 收藏品 21 [466148, 466168]		
			12. 鲜花 2202 [466169, 468370]		13. 熏香 19 [468371, 468389]		
			
	1. 奢侈品 2948 [468390, 471337]
			0. 服饰 886 [468390, 469275]		1. 配件 35 [469276, 469310]		
			2. 钱包 27 [469311, 469337]		3. 饰品 535 [469338, 469872]		
			4. 太阳镜/眼镜框 32 [469873, 469904]		5. 箱包 1287 [469905, 471191]		
			6. 鞋靴 146 [471192, 471337]		
	2. 钟表 5786 [471338, 477123]
			0. 德表 25 [471338, 471362]		1. 国表 3560 [471363, 474922]		
			2. 闹钟 24 [474923, 474946]		3. 欧美表 371 [474947, 475317]		
			4. 日韩表 524 [475318, 475841]		5. 瑞表 479 [475842, 476320]		
			6. 钟表配件 416 [476321, 476736]		7. 座钟挂钟 387 [476737, 477123]		
			

21. 珠宝饰品 22875 [477124, 499998]
	0. K金饰品 60 [477124, 477183]
			0. K金戒指 60 [477124, 477183]		
	1. 彩宝 316 [477184, 477499]
			0. 碧玺 28 [477184, 477211]		1. 红宝石/蓝宝石 38 [477212, 477249]		
			2. 其他天然宝石 18 [477250, 477267]		3. 手镯/手链 22 [477268, 477289]		
			4. 坦桑石 16 [477290, 477305]		5. 项链/吊坠 22 [477306, 477327]		
			6. 琥珀/蜜蜡 172 [477328, 477499]		
	2. 黄金 297 [477500, 477796]
			0. 黄金吊坠 155 [477500, 477654]		1. 黄金戒指 74 [477655, 477728]		
			2. 黄金手镯/手链/脚链 38 [477729, 477766]		3. 黄金转运珠 30 [477767, 477796]		
			
	3. 金银投资 70 [477797, 477866]
			0. 投资金 21 [477797, 477817]		1. 投资收藏 34 [477818, 477851]		
			2. 投资银 15 [477852, 477866]		
	4. 木手串/把件 987 [477867, 478853]
			0. 沉香木 57 [477867, 477923]		1. 黄花梨 96 [477924, 478019]		
			2. 金丝楠 45 [478020, 478064]		3. 菩提 333 [478065, 478397]		
			4. 其他 97 [478398, 478494]		5. 檀香 12 [478495, 478506]		
			6. 小叶紫檀 220 [478507, 478726]		7. 橄榄核/核桃 127 [478727, 478853]		
			
	5. 时尚饰品 10168 [478854, 489021]
			0. 耳饰 1462 [478854, 480315]		1. 发饰/发卡 1841 [480316, 482156]		
			2. 戒指 2090 [482157, 484246]		3. 毛衣链 12 [484247, 484258]		
			4. 饰品配件 1002 [484259, 485260]		5. 手链/脚链 1222 [485261, 486482]		
			6. 项链 2274 [486483, 488756]		7. 胸针 265 [488757, 489021]		
			
	6. 水晶玛瑙 3648 [489022, 492669]
			0. 摆件/挂件 65 [489022, 489086]		1. 戒指 16 [489087, 489102]		
			2. 手镯/手链/脚链 2266 [489103, 491368]		3. 项链/吊坠 1301 [491369, 492669]		
			
	7. 银饰 491 [492670, 493160]
			0. 宝宝银饰 93 [492670, 492762]		1. 银吊坠/项链 209 [492763, 492971]		
			2. 银耳饰 47 [492972, 493018]		3. 银戒指 142 [493019, 493160]		
			
	8. 珍珠 118 [493161, 493278]
			0. 珍珠吊坠 43 [493161, 493203]		1. 珍珠耳饰 20 [493204, 493223]		
			2. 珍珠项链 55 [493224, 493278]		
	9. 钻石 680 [493279, 493958]
			0. 钻戒 653 [493279, 493931]		1. 钻石项链/吊坠 27 [493932, 493958]		
			
	10. 翡翠玉石 6040 [493959, 499998]
			0. 挂件/摆件/把件 174 [493959, 494132]		1. 戒指 28 [494133, 494160]		
			2. 手镯/手串 538 [494161, 494698]		3. 项链/吊坠 5300 [494699, 499998]		
